1.000000
1.000000
1.000000
1.000000
1.000000
0.833333
0.132353
1.000000
1.000000
0.666667
1.000000
0.700000
1.000000
0.666667
1.000000
0.277778
1.000000
0.500000
1.000000
1.000000
1.000000
1.000000
1.000000
1.000000
1.000000
1.000000
1.000000
0.666667
1.000000
1.000000
1.000000
0.500000
1.000000
1.000000
1.000000
1.000000
1.000000
1.000000
1.000000
1.000000
1.000000
1.000000
0.833333
1.000000
1.000000
1.000000
1.000000
1.000000
1.000000
1.000000
0.400000
1.000000
1.000000
1.000000
1.000000
0.133333
1.000000
1.000000
1.000000
1.000000
1.000000
1.000000
1.000000
1.000000
1.000000
0.400000
1.000000
1.000000
1.000000
1.000000
1.000000
1.000000
1.000000
1.000000
0.222222
0.053981
1.000000
1.000000
1.000000
1.000000
1.000000
1.000000
1.000000
1.000000
1.000000
1.000000
1.000000
1.000000
1.000000
1.000000
1.000000
1.000000
1.000000
1.000000
1.000000
1.000000
0.175824
1.000000
1.000000
1.000000
1.000000
0.523810
1.000000
1.000000
1.000000
1.000000
1.000000
1.000000
1.000000
1.000000
1.000000
1.000000
1.000000
1.000000
0.285714
1.000000
1.000000
0.321429
1.000000
1.000000
1.000000
1.000000
1.000000
1.000000
1.000000
1.000000
1.000000
1.000000
1.000000
1.000000
1.000000
0.057143
1.000000
1.000000
1.000000
1.000000
1.000000
1.000000
1.000000
1.000000
1.000000
1.000000
1.000000
1.000000
1.000000
1.000000
1.000000
1.000000
1.000000
1.000000
1.000000
1.000000
0.666667
1.000000
1.000000
1.000000
1.000000
1.000000
0.094017
1.000000
1.000000
1.000000
1.000000
1.000000
0.833333
1.000000
1.000000
1.000000
0.666667
1.000000
1.000000
1.000000
1.000000
1.000000
0.619048
1.000000
1.000000
1.000000
1.000000
1.000000
0.500000
1.000000
1.000000
0.285714
0.500000
1.000000
1.000000
1.000000
1.000000
1.000000
1.000000
1.000000
1.000000
1.000000
1.000000
1.000000
1.000000
1.000000
1.000000
0.285714
1.000000
1.000000
1.000000
1.000000
1.000000
1.000000
1.000000
1.000000
1.000000
1.000000
1.000000
1.000000
0.800000
1.000000
1.000000
1.000000
1.000000
1.000000
0.321429
1.000000
1.000000
1.000000
1.000000
1.000000
0.666667
1.000000
1.000000
1.000000
0.900000
1.000000
1.000000
1.000000
1.000000
0.094203
1.000000
1.000000
1.000000
1.000000
1.000000
1.000000
1.000000
1.000000
1.000000
1.000000
1.000000
1.000000
1.000000
1.000000
1.000000
1.000000
1.000000
1.000000
1.000000
1.000000
1.000000
0.169118
1.000000
1.000000
1.000000
1.000000
1.000000
1.000000
1.000000
1.000000
1.000000
1.000000
1.000000
1.000000
1.000000
1.000000
1.000000
0.666667
0.117647
1.000000
0.666667
0.466667
1.000000
1.000000
1.000000
1.000000
1.000000
1.000000
1.000000
1.000000
1.000000
1.000000
1.000000
1.000000
1.000000
1.000000
1.000000
1.000000
1.000000
1.000000
1.000000
1.000000
1.000000
1.000000
1.000000
1.000000
1.000000
1.000000
1.000000
1.000000
1.000000
1.000000
1.000000
1.000000
1.000000
1.000000
1.000000
1.000000
1.000000
1.000000
1.000000
0.700000
1.000000
1.000000
0.158333
1.000000
0.833333
1.000000
1.000000
1.000000
1.000000
0.110887
1.000000
0.800000
1.000000
1.000000
1.000000
1.000000
0.666667
1.000000
1.000000
1.000000
1.000000
1.000000
1.000000
1.000000
1.000000
1.000000
1.000000
1.000000
1.000000
1.000000
1.000000
0.700000
1.000000
0.087356
0.476190
1.000000
1.000000
0.833333
1.000000
1.000000
1.000000
1.000000
1.000000
1.000000
1.000000
1.000000
0.833333
1.000000
1.000000
1.000000
1.000000
1.000000
1.000000
1.000000
1.000000
1.000000
1.000000
1.000000
1.000000
1.000000
0.833333
1.000000
1.000000
1.000000
1.000000
1.000000
1.000000
1.000000
1.000000
0.119048
1.000000
1.000000
1.000000
1.000000
1.000000
1.000000
1.000000
0.666667
1.000000
1.000000
1.000000
1.000000
1.000000
1.000000
0.800000
1.000000
1.000000
1.000000
1.000000
0.109524
0.333333
1.000000
1.000000
1.000000
1.000000
0.200000
1.000000
0.666667
1.000000
1.000000
1.000000
1.000000
1.000000
1.000000
0.014815
1.000000
1.000000
0.500000
1.000000
1.000000
1.000000
1.000000
1.000000
1.000000
1.000000
1.000000
1.000000
1.000000
0.333333
1.000000
1.000000
1.000000
1.000000
1.000000
1.000000
1.000000
1.000000
1.000000
1.000000
1.000000
1.000000
1.000000
1.000000
1.000000
1.000000
1.000000
1.000000
0.500000
1.000000
0.800000
1.000000
1.000000
1.000000
1.000000
1.000000
0.700000
1.000000
1.000000
1.000000
1.000000
1.000000
1.000000
1.000000
1.000000
1.000000
1.000000
1.000000
1.000000
1.000000
1.000000
1.000000
1.000000
1.000000
1.000000
1.000000
1.000000
1.000000
1.000000
1.000000
0.357143
1.000000
1.000000
1.000000
1.000000
1.000000
1.000000
1.000000
1.000000
1.000000
1.000000
1.000000
1.000000
1.000000
1.000000
1.000000
1.000000
1.000000
1.000000
1.000000
1.000000
1.000000
1.000000
1.000000
1.000000
1.000000
1.000000
1.000000
1.000000
1.000000
1.000000
1.000000
1.000000
1.000000
1.000000
1.000000
1.000000
1.000000
1.000000
0.900000
1.000000
1.000000
1.000000
1.000000
1.000000
1.000000
1.000000
1.000000
1.000000
1.000000
1.000000
1.000000
1.000000
1.000000
1.000000
1.000000
1.000000
1.000000
1.000000
1.000000
1.000000
1.000000
1.000000
1.000000
1.000000
1.000000
1.000000
1.000000
0.666667
0.900000
1.000000
1.000000
1.000000
1.000000
1.000000
0.500000
1.000000
1.000000
1.000000
1.000000
1.000000
1.000000
1.000000
1.000000
1.000000
1.000000
1.000000
1.000000
1.000000
0.666667
1.000000
1.000000
1.000000
1.000000
1.000000
1.000000
1.000000
1.000000
1.000000
1.000000
1.000000
1.000000
1.000000
1.000000
1.000000
1.000000
1.000000
1.000000
1.000000
1.000000
0.333333
1.000000
1.000000
0.666667
0.333333
1.000000
1.000000
1.000000
0.666667
1.000000
1.000000
1.000000
1.000000
1.000000
1.000000
1.000000
1.000000
1.000000
1.000000
0.466667
1.000000
1.000000
1.000000
0.067736
1.000000
1.000000
0.147368
1.000000
1.000000
1.000000
1.000000
1.000000
0.833333
0.666667
1.000000
1.000000
1.000000
1.000000
1.000000
0.476190
1.000000
1.000000
0.500000
1.000000
1.000000
1.000000
1.000000
1.000000
1.000000
0.428571
1.000000
1.000000
0.093333
1.000000
1.000000
1.000000
1.000000
1.000000
1.000000
1.000000
1.000000
1.000000
1.000000
1.000000
0.186813
1.000000
1.000000
1.000000
1.000000
1.000000
0.032258
1.000000
1.000000
0.200000
0.250000
1.000000
1.000000
1.000000
1.000000
0.500000
1.000000
1.000000
1.000000
1.000000
1.000000
0.833333
0.833333
1.000000
1.000000
1.000000
1.000000
1.000000
1.000000
0.666667
1.000000
0.400000
1.000000
1.000000
0.333333
1.000000
1.000000
1.000000
1.000000
1.000000
1.000000
1.000000
1.000000
1.000000
1.000000
1.000000
1.000000
1.000000
1.000000
1.000000
1.000000
1.000000
1.000000
1.000000
